% Intrinsic and Extrinsic Camera Parameters
%
% This script file can be directly executed under Matlab to recover the camera intrinsic and extrinsic parameters.
% IMPORTANT: This file contains neither the structure of the calibration objects nor the image coordinates of the calibration points.
%            All those complementary variables are saved in the complete matlab data file Calib_Results.mat.
% For more information regarding the calibration model visit http://www.vision.caltech.edu/bouguetj/calib_doc/


%-- Focal length:
fc = [ 1060.068609434742700 ; 1061.817589149283100 ];

%-- Principal point:
cc = [ 344.287204175099190 ; 288.695280262082240 ];

%-- Skew coefficient:
alpha_c = 0.000000000000000;

%-- Distortion coefficients:
kc = [ -0.292469575271091 ; 1.212566232077236 ; 0.008035037221215 ; 0.002499569793846 ; 0.000000000000000 ];

%-- Focal length uncertainty:
fc_error = [ 15.494867554430623 ; 15.718684378094403 ];

%-- Principal point uncertainty:
cc_error = [ 19.230078950804458 ; 18.924193569554880 ];

%-- Skew coefficient uncertainty:
alpha_c_error = 0.000000000000000;

%-- Distortion coefficients uncertainty:
kc_error = [ 0.085810345466005 ; 1.270594406445796 ; 0.003225446082165 ; 0.003368472942921 ; 0.000000000000000 ];

%-- Image size:
nx = 648;
ny = 488;


%-- Various other variables (may be ignored if you do not use the Matlab Calibration Toolbox):
%-- Those variables are used to control which intrinsic parameters should be optimized

n_ima = 26;						% Number of calibration images
est_fc = [ 1 ; 1 ];					% Estimation indicator of the two focal variables
est_aspect_ratio = 1;				% Estimation indicator of the aspect ratio fc(2)/fc(1)
center_optim = 1;					% Estimation indicator of the principal point
est_alpha = 0;						% Estimation indicator of the skew coefficient
est_dist = [ 1 ; 1 ; 1 ; 1 ; 0 ];	% Estimation indicator of the distortion coefficients


%-- Extrinsic parameters:
%-- The rotation (omc_kk) and the translation (Tc_kk) vectors for every calibration image and their uncertainties

%-- Image #1:
omc_1 = [ 2.143675e+00 ; 1.897469e+00 ; -1.114963e-01 ];
Tc_1  = [ -1.345994e+02 ; -1.061996e+02 ; 1.114648e+03 ];
omc_error_1 = [ 1.632654e-02 ; 1.679356e-02 ; 3.437188e-02 ];
Tc_error_1  = [ 2.027936e+01 ; 1.992053e+01 ; 1.778913e+01 ];

%-- Image #2:
omc_2 = [ 2.419203e+00 ; 1.712052e+00 ; -9.015493e-02 ];
Tc_2  = [ -1.782868e+02 ; 9.841126e+00 ; 1.095237e+03 ];
omc_error_2 = [ 2.294601e-02 ; 1.761351e-02 ; 4.455497e-02 ];
Tc_error_2  = [ 1.990512e+01 ; 1.966926e+01 ; 1.769211e+01 ];

%-- Image #3:
omc_3 = [ 2.163221e+00 ; 1.628053e+00 ; 2.471058e-01 ];
Tc_3  = [ -2.585744e+02 ; -3.979688e+01 ; 1.034510e+03 ];
omc_error_3 = [ 1.653322e-02 ; 1.345845e-02 ; 2.744518e-02 ];
Tc_error_3  = [ 1.895440e+01 ; 1.876611e+01 ; 1.804936e+01 ];

%-- Image #4:
omc_4 = [ -1.499515e+00 ; -1.527085e+00 ; 8.278149e-01 ];
Tc_4  = [ 1.225527e+02 ; -1.116271e+02 ; 1.209338e+03 ];
omc_error_4 = [ 1.655658e-02 ; 1.341787e-02 ; 2.057797e-02 ];
Tc_error_4  = [ 2.221275e+01 ; 2.163096e+01 ; 1.773377e+01 ];

%-- Image #5:
omc_5 = [ -1.904617e+00 ; -1.243585e+00 ; 3.785257e-01 ];
Tc_5  = [ 5.472958e+01 ; -1.041966e+02 ; 1.436005e+03 ];
omc_error_5 = [ 1.652301e-02 ; 1.239339e-02 ; 2.181097e-02 ];
Tc_error_5  = [ 2.620252e+01 ; 2.560216e+01 ; 2.150348e+01 ];

%-- Image #6:
omc_6 = [ -2.085435e+00 ; -1.925051e+00 ; 1.270502e+00 ];
Tc_6  = [ 1.227426e+02 ; 2.517115e+01 ; 1.426931e+03 ];
omc_error_6 = [ 2.054732e-02 ; 1.031933e-02 ; 2.833622e-02 ];
Tc_error_6  = [ 2.604012e+01 ; 2.550662e+01 ; 2.085096e+01 ];

%-- Image #7:
omc_7 = [ 2.270641e+00 ; 1.678266e+00 ; -2.090419e-01 ];
Tc_7  = [ -2.445151e+02 ; 7.004179e+00 ; 1.160649e+03 ];
omc_error_7 = [ 1.656197e-02 ; 1.580488e-02 ; 3.318056e-02 ];
Tc_error_7  = [ 2.107751e+01 ; 2.097146e+01 ; 1.903513e+01 ];

%-- Image #8:
omc_8 = [ -2.303337e+00 ; -1.978442e+00 ; 7.362090e-01 ];
Tc_8  = [ 5.850698e+01 ; -4.936388e+01 ; 1.452704e+03 ];
omc_error_8 = [ 1.979273e-02 ; 1.262121e-02 ; 3.467481e-02 ];
Tc_error_8  = [ 2.643736e+01 ; 2.585707e+01 ; 2.170986e+01 ];

%-- Image #9:
omc_9 = [ 2.114691e+00 ; 2.245785e+00 ; -2.653741e-01 ];
Tc_9  = [ -1.165639e+02 ; -9.560658e+01 ; 8.514886e+02 ];
omc_error_9 = [ 1.413148e-02 ; 1.737749e-02 ; 3.644866e-02 ];
Tc_error_9  = [ 1.552262e+01 ; 1.522728e+01 ; 1.340237e+01 ];

%-- Image #10:
omc_10 = [ 2.144600e+00 ; 1.973987e+00 ; 4.254356e-01 ];
Tc_10  = [ -1.601827e+02 ; -9.320164e+01 ; 7.617364e+02 ];
omc_error_10 = [ 1.660832e-02 ; 1.287171e-02 ; 2.645845e-02 ];
Tc_error_10  = [ 1.403376e+01 ; 1.376414e+01 ; 1.321816e+01 ];

%-- Image #11:
omc_11 = [ -1.873000e+00 ; -1.794003e+00 ; 9.396773e-02 ];
Tc_11  = [ -1.489506e+01 ; -1.168449e+02 ; 1.061615e+03 ];
omc_error_11 = [ 1.375035e-02 ; 1.372613e-02 ; 2.513559e-02 ];
Tc_error_11  = [ 1.934337e+01 ; 1.891062e+01 ; 1.643215e+01 ];

%-- Image #12:
omc_12 = [ -1.853318e+00 ; -1.556019e+00 ; -2.576050e-01 ];
Tc_12  = [ -9.390317e+01 ; -7.334560e+01 ; 9.578374e+02 ];
omc_error_12 = [ 1.416452e-02 ; 1.474869e-02 ; 2.228819e-02 ];
Tc_error_12  = [ 1.742123e+01 ; 1.705918e+01 ; 1.496974e+01 ];

%-- Image #13:
omc_13 = [ 1.643934e+00 ; 1.960231e+00 ; -8.425438e-01 ];
Tc_13  = [ -6.251542e+01 ; -5.103413e+01 ; 1.009035e+03 ];
omc_error_13 = [ 1.094492e-02 ; 1.747445e-02 ; 2.449444e-02 ];
Tc_error_13  = [ 1.833045e+01 ; 1.797249e+01 ; 1.420056e+01 ];

%-- Image #14:
omc_14 = [ 1.441081e+00 ; 1.657572e+00 ; -7.156517e-01 ];
Tc_14  = [ -1.438994e+02 ; -2.874396e+01 ; 9.490555e+02 ];
omc_error_14 = [ 1.224955e-02 ; 1.720078e-02 ; 2.067089e-02 ];
Tc_error_14  = [ 1.723009e+01 ; 1.700549e+01 ; 1.384887e+01 ];

%-- Image #15:
omc_15 = [ -1.949623e+00 ; -2.063323e+00 ; 5.863405e-01 ];
Tc_15  = [ -9.757665e+01 ; -7.378002e+01 ; 8.843055e+02 ];
omc_error_15 = [ 1.569903e-02 ; 1.212296e-02 ; 2.820950e-02 ];
Tc_error_15  = [ 1.608795e+01 ; 1.580557e+01 ; 1.297331e+01 ];

%-- Image #16:
omc_16 = [ 2.052303e+00 ; 2.162811e+00 ; -2.653872e-01 ];
Tc_16  = [ -1.371338e+02 ; -9.477366e+01 ; 8.445493e+02 ];
omc_error_16 = [ 1.305251e-02 ; 1.694412e-02 ; 3.355354e-02 ];
Tc_error_16  = [ 1.538750e+01 ; 1.513191e+01 ; 1.344866e+01 ];

%-- Image #17:
omc_17 = [ -2.646329e+00 ; -1.615359e+00 ; 2.846740e-01 ];
Tc_17  = [ -2.467817e+01 ; -6.073048e+01 ; 1.128498e+03 ];
omc_error_17 = [ 2.711519e-02 ; 1.809542e-02 ; 4.790113e-02 ];
Tc_error_17  = [ 2.052494e+01 ; 2.007454e+01 ; 1.724014e+01 ];

%-- Image #18:
omc_18 = [ -2.593250e+00 ; -1.158281e+00 ; 9.376401e-03 ];
Tc_18  = [ -1.122869e+02 ; -3.533622e+01 ; 1.100140e+03 ];
omc_error_18 = [ 2.084765e-02 ; 1.033344e-02 ; 3.053631e-02 ];
Tc_error_18  = [ 1.999773e+01 ; 1.959989e+01 ; 1.676310e+01 ];

%-- Image #19:
omc_19 = [ 2.328321e+00 ; 1.489102e+00 ; -4.728016e-01 ];
Tc_19  = [ -1.255845e+01 ; -5.960559e+01 ; 1.139380e+03 ];
omc_error_19 = [ 1.677472e-02 ; 1.282616e-02 ; 2.909606e-02 ];
Tc_error_19  = [ 2.075619e+01 ; 2.024436e+01 ; 1.720440e+01 ];

%-- Image #20:
omc_20 = [ -1.440062e+00 ; -2.779441e+00 ; 9.795801e-02 ];
Tc_20  = [ -1.221761e+02 ; -1.334152e+02 ; 1.084512e+03 ];
omc_error_20 = [ 1.584501e-02 ; 2.844560e-02 ; 4.964059e-02 ];
Tc_error_20  = [ 1.972819e+01 ; 1.944838e+01 ; 1.754729e+01 ];

%-- Image #21:
omc_21 = [ 2.051402e+00 ; 1.147252e+00 ; -5.082172e-01 ];
Tc_21  = [ -7.799900e+01 ; -1.007235e+01 ; 1.161733e+03 ];
omc_error_21 = [ 1.608501e-02 ; 1.314212e-02 ; 2.284190e-02 ];
Tc_error_21  = [ 2.109795e+01 ; 2.067209e+01 ; 1.725565e+01 ];

%-- Image #22:
omc_22 = [ -1.300683e+00 ; -2.360630e+00 ; -3.295276e-01 ];
Tc_22  = [ -3.458934e+01 ; -1.177939e+02 ; 9.300086e+02 ];
omc_error_22 = [ 8.993113e-03 ; 1.783591e-02 ; 2.695650e-02 ];
Tc_error_22  = [ 1.694203e+01 ; 1.659190e+01 ; 1.519559e+01 ];

%-- Image #23:
omc_23 = [ 1.215628e+00 ; 1.888803e+00 ; -4.753570e-01 ];
